0 0 500,2000,1,3.0,1.0,1.2,True,True,False
0 0 500,2000,1,3.0,1.0,1.2,True,True,False
0 3.0,381.5933333333283,261.23999999999637,-0.14333333333333334,0.14 500,2000,1,3.0,1.0,1.2,True,True,False
3.0,227,214 3.0,130.27401001377982,295.0945919760425,0.21699490508351924,0.1586846937280325 500,2000,1,3.0,1.0,1.2,True,True,False
3.0,227,214 3.0,372.06152152262933,331.50332593546887,-0.22783005102297824,-0.043526929361676236 500,2000,2,3.0,1.0,1.2,True,True,False
9.0,229.721770035777,219.56954602451344 0 500,2000,2,3.0,1.0,1.2,True,True,False
12.0,230.05239304424632,221.75185301458038 0 500,2000,2,3.0,1.0,1.2,True,True,False
0 0 500,2000,2,3.0,1.0,1.2,True,True,False
0 3.0,253.11333333333354,390.7000000000295,0.15333333333333332,0.1 500,2000,2,3.0,1.0,1.2,True,True,False
0 0 500,2000,2,3.0,1.0,1.2,False,True,False
0 0 500,2000,2,3.0,1.0,1.2,True,True,False
0 0 500,2000,2,3.0,1.0,1.2,True,False,False
0 3.0,167.26999999999796,201.6899999999948,-0.09,0.10333333333333333 500,2000,2,3.0,1.0,1.2,True,False,False
0 3.0,96.25999999999524,347.2866666666743,0.09,-0.10333333333333333|3.0,389.7699999999987,386.30333333335034,-0.06333333333333334,-0.10333333333333333 500,2000,2,3.0,1.0,1.2,True,False,False
0 6.0,334.4220836647706,250.8059837439318,0.15140972513025544,-0.19046202256254258 500,2000,2,3.0,1.0,1.2,True,True,False
0 6.0,330.6368405365147,428.50705079478365,-0.15140972513025544,0.19046202256254258 500,2000,2,3.0,1.0,1.2,True,True,True
0 6.0,92.31793318149585,476.1225564354192,0.15140972513025544,0.19046202256254258 500,2000,2,3.0,1.0,1.2,True,True,True
0 0 500,2000,2,3.0,1.0,1.2,True,True,True
0 0 500,2000,2,3.0,1.0,1.2,True,True,False
0 3.0,402.63760803425146,344.9602996645887,-0.1390279376732827,0.2331102248002443 500,2000,2,3.0,1.0,1.2,True,True,False
0 3.0,251.9250063555151,422.77009130350234,-0.14710484738499655,-0.22868251625493352|3.0,254.73629846014592,160.42898618451107,0.05920550153661878,0.3002483771612841 500,2000,2,3.0,1.0,1.2,True,True,False
0 6.0,383.33278145882485,117.4811962931076,0.08289946217437236,-0.061569920440502864|3.0,312.402241328864,319.73160263498863,0.3559523235473638,-0.06628753765739438 500,2000,2,3.0,1.0,1.2,True,True,False
0 9.0,71.09919203423411,213.3593494614551,0.2061639481646,-0.05461104543173226|3.0,213.0351078037462,357.6390235047321,-0.17482232707039913,-0.5816089959135613 500,2000,2,3.0,1.0,1.2,True,True,False
0 0 500,2000,2,3.0,1.0,1.2,True,True,False
0 0 600,2000,2,3.0,1.0,1.2,True,True,False
0 3.0,178.81333333333143,144.71000000000052,-0.02666666666666667,0.03 600,2000,2,3.0,1.0,1.2,True,True,False
0 6.0,201.28617249996694,184.83581275301844,-0.16133407526835855,-0.07101078885372253 600,2000,2,3.0,1.0,1.2,True,True,False
0 6.0,357.30191307590087,48.9130575004407,0.13524895731604,0.05824079904579491|3.0,275.53960485857453,444.91823684461815,-0.1408427991950562,-0.2536259085493514 600,2000,2,3.0,1.0,1.2,True,True,False
0 0 600,2000,2,3.0,1.0,1.2,True,True,False
0 3.0,482.6320433211518,337.0152155765974,0.22359360609850704,0.1881269805615959 600,2000,2,3.0,1.0,1.2,True,True,False
0 3.0,520.1089769399173,374.32214165785496,0.18055635790897773,0.2150539275553786|3.0,418.10548439952214,410.5003748136068,0.1384022121620976,-0.06922146192617777 600,2000,2,3.0,1.0,1.2,True,True,False
0 3.0,550.6384247145833,426.02648274870313,0.08427699281585761,0.22435188529074754|3.0,442.7171528831444,401.3363825598419,0.08087658928294897,-0.007263492283934032|3.0,373.5683745891875,435.2393899788159,0.13606365500181014,-0.05640730931403698 600,2000,2,3.0,1.0,1.2,True,True,False
0 3.0,558.5158189904158,470.83620968315205,-0.005855627380711407,0.1893684527404156|3.0,440.4176948921147,404.56102666335386,-0.28539849622073765,0.09919647360936613|3.0,426.3712800743362,407.7142161631861,0.541959346814706,-0.24559965179442353|3.0,374.4252785479249,285.62064927766676,-0.04401815408509933,-0.18249600033429544 600,2000,2,3.0,1.0,1.2,True,True,False
0 3.0,549.2343345589126,504.894122334393,-0.07317068816807183,0.12105537750363309|6.0,492.0023136889419,376.60231956112557,0.2796372053706264,-0.13919330786041412|3.0,365.02445586100663,256.16154633830257,-0.056257274383701185,-0.09447675326733855|3.0,292.47347869854974,286.6598611057381,0.2909807072622612,-0.31922500068051557 600,2000,2,3.0,1.0,1.2,True,True,False
0 3.0,531.5998328917319,521.1764648232086,-0.09547649433416719,0.04431403697100881|6.0,544.1186563843502,348.51191089111717,0.23785482731356478,-0.1422946940933797|9.0,399.9705022419375,222.0884694427473,0.5624847972429994,-0.3081821019318106 600,2000,2,3.0,1.0,1.2,True,True,False
0 3.0,511.34391567687106,523.2785395990228,-0.09529234387616879,-0.020879031851357012|6.0,587.550096370345,314.61237129730756,0.17134965456341084,-0.17695558050439286|12.0,420.44160049431235,215.66394507618992,-0.029006051985936088,0.10648700763723971 600,2000,2,3.0,1.0,1.2,True,True,False
0 3.0,263.3341672970874,272.31535793956596,-0.3379996996105805,0.2340513777430375|6.0,393.22750796276773,206.7968837808973,0.0003703215361292591,-0.15903551374296554|12.0,266.03701693323774,107.24209910446004,-0.05535221071876708,0.006401382538339974|3.0,242.20461043229867,272.4356855567512,0.10577630748751153,-0.7071428958481026 600,2000,2,3.0,1.0,1.2,True,True,False
